<?xml version="1.0"?>
<opencv_storage>
<calibration_time>"Mon Oct  9 18:19:28 2017"</calibration_time>
<nr_of_frames>25</nr_of_frames>
<image_width>1280</image_width>
<image_height>960</image_height>
<board_width>9</board_width>
<board_height>6</board_height>
<square_size>50.</square_size>
<fix_aspect_ratio>1.</fix_aspect_ratio>
<!-- flags: +fix_aspectRatio +fix_principal_point +zero_tangent_dist +fix_k4 +fix_k5 -->
<flags>6158</flags>
<fisheye_model>0</fisheye_model>
<camera_matrix type_id="opencv-matrix">
  <rows>3</rows>
  <cols>3</cols>
  <dt>d</dt>
  <data>
    8.1093444139625274e+02 0. 640. 0. 8.1093444139625274e+02 480. 0. 0.
    1.</data></camera_matrix>
<distortion_coefficients type_id="opencv-matrix">
  <rows>5</rows>
  <cols>1</cols>
  <dt>d</dt>
  <data>
    -3.8193049000883994e-01 1.9097057631353789e-01 0. 0.
    -5.6402938256992920e-02</data></distortion_coefficients>
<avg_reprojection_error>8.4992115801646917e-01</avg_reprojection_error>
<per_view_reprojection_errors type_id="opencv-matrix">
  <rows>25</rows>
  <cols>1</cols>
  <dt>f</dt>
  <data>
    2.23727122e-01 2.16663957e-01 2.98864484e-01 8.30430925e-01
    2.45984644e-01 3.20031357e+00 7.90018499e-01 4.40900773e-01
    4.92635339e-01 7.19565988e-01 1.49937594e+00 2.14528263e-01
    2.58213013e-01 1.93075463e-01 6.44412041e-01 3.71212989e-01
    8.93732190e-01 3.52810860e-01 8.06357920e-01 3.71672213e-01
    3.39833111e-01 3.33442271e-01 3.47929299e-01 3.74630064e-01
    3.88440132e-01</data></per_view_reprojection_errors>
<!-- a set of 6-tuples (rotation vector + translation vector) for each view -->
<extrinsic_parameters type_id="opencv-matrix">
  <rows>25</rows>
  <cols>6</cols>
  <dt>d</dt>
  <data>
    6.3820137827044210e-02 3.7944295099044220e-02 6.4772502464168439e-03
    -8.7147189064352801e+01 -3.0496698975287291e+02
    1.0538629498161017e+03 8.9998094385031660e-02 3.1785239542091580e-02
    1.6407318043967336e-03 -9.1188789468122806e+01
    -2.9998115800745893e+02 1.0371232455914394e+03
    1.2221117458373451e-01 1.5875753288404616e-02
    -9.6536067849400733e-03 -1.0302353716725450e+02
    -2.9718486824351203e+02 1.0219830240913572e+03
    5.5296364674124319e-02 -2.9521045296721554e-01
    -1.8350291211021982e-02 -5.5835146800858320e+02
    -3.8399555435336180e+02 9.4422671228448530e+02
    8.2579360887915496e-02 -3.1767846138481975e-01
    -1.5750259078059457e-02 -6.6837597672640175e+02
    -3.6140350181121460e+02 9.3149641183780216e+02
    6.7112088040502504e-02 -1.8773094870393947e-01
    4.1318881513216166e-02 -3.4910547332214702e+02
    -4.1389360793682977e+02 9.4389380038173863e+02
    3.0066735848183049e-02 6.5486832529416270e-02
    -1.1669227706039212e-02 -3.8189574633708261e+01
    -4.2744734456386749e+02 1.0858892413475453e+03
    2.4374230173867840e-03 1.0299039337539312e-01
    -9.4555423093785011e-03 2.8462323741161953e+02
    -4.4864909558265992e+02 1.1414423360269568e+03
    7.6708103825452678e-02 1.1368322338316605e-01 8.1985089381396009e-03
    3.2915248697599912e+02 -4.5260799520328953e+02
    1.1555062568034848e+03 1.0103976546531666e-01 8.7063566426434837e-03
    4.4465626422226069e-03 -9.2928242648968975e+01
    -5.4773925217413284e+02 1.1359195637043947e+03
    7.2705260275252481e-02 8.0778871560756291e-02 7.4045198892467787e-02
    -1.4035849915949728e+02 -2.0368807550258293e+02
    1.0823627497830771e+03 2.2510594955775146e-01 7.0376910774782253e-02
    1.5605123201532554e+00 4.2534508217914129e+02
    -6.4963260173949016e+02 1.3673462444170548e+03
    2.1281218231282667e-01 7.2945109122502239e-02 1.5818454419591441e+00
    4.3950905707107040e+02 -6.2712471785041714e+02
    1.3680325892399806e+03 2.2495401586424890e-01 2.4190271153793089e-02
    1.5689676525031906e+00 4.3643554424109880e+02
    -6.1978766331815689e+02 1.3528867772969295e+03
    -1.8586375390149815e-01 -5.1444886724650536e-02
    3.9563506287927008e-01 -3.3030191729468342e+01
    -7.3234730417706805e+02 1.2115616967564210e+03
    7.7825867431615819e-02 4.2661408498083864e-02
    -4.1839342307627165e-03 2.7207652119647423e+02
    -5.7594049576504472e+02 9.9590288779105390e+02
    6.1540993002492467e-02 6.2698779098417839e-02
    -6.4774025994807571e-04 -1.7489924213750876e+02
    -1.0844940452135585e+02 1.0224235137060904e+03
    1.5536107426279586e-01 8.7533742559592662e-02
    -9.2909642704557455e-02 -2.7334778661958018e+02
    -3.5906775762421894e+01 1.0066540149944241e+03
    -1.9555424452966386e-01 -5.8916526332652437e-02
    2.9115041953818599e+00 4.8678688363059371e+02 3.2187529321274263e+02
    1.1524250260688254e+03 -3.3483008642695594e-03
    -7.8840814616287377e-02 3.0776836658557860e+00
    4.5882058281487690e+02 5.2317558857237611e+02 1.1387666845664648e+03
    8.3276301596840237e-03 -2.3007825007858210e-02
    3.0617147942777199e+00 4.7919852967087024e+02 4.9944882951551040e+02
    1.1172008615702414e+03 1.8789002312593838e-03
    -1.3762572791935419e-03 3.0517870414899488e+00
    4.8939120935346739e+02 4.8915741821551831e+02 1.1179762598105776e+03
    -1.2169241163397551e-02 1.9240169038935268e-03
    3.0470214957225643e+00 4.9488219713638551e+02 4.8333305931922104e+02
    1.1217939760229256e+03 1.3655533599957892e-01 8.6885540465448857e-02
    -3.1053815341226936e+00 1.0588246866045986e+03
    -4.0303405578174988e+02 1.3634389200422781e+03
    1.5895602265370939e-01 9.0834769170754767e-02
    -3.1164980628936867e+00 1.0552548959921617e+03
    -4.1375881710724923e+02 1.3831216493561642e+03</data></extrinsic_parameters>
