<?xml version="1.0"?>
<opencv_storage>
<calibration_time>"Mon Oct  9 18:14:14 2017"</calibration_time>
<nr_of_frames>25</nr_of_frames>
<image_width>1280</image_width>
<image_height>960</image_height>
<board_width>9</board_width>
<board_height>6</board_height>
<square_size>50.</square_size>
<fix_aspect_ratio>1.</fix_aspect_ratio>
<!-- flags: +fix_aspectRatio +fix_principal_point +zero_tangent_dist +fix_k4 +fix_k5 -->
<flags>6158</flags>
<fisheye_model>0</fisheye_model>
<camera_matrix type_id="opencv-matrix">
  <rows>3</rows>
  <cols>3</cols>
  <dt>d</dt>
  <data>
    8.1562212122639596e+02 0. 640. 0. 8.1562212122639596e+02 480. 0. 0.
    1.</data></camera_matrix>
<distortion_coefficients type_id="opencv-matrix">
  <rows>5</rows>
  <cols>1</cols>
  <dt>d</dt>
  <data>
    -3.4745750808476122e-01 1.5068747624382753e-01 0. 0.
    -3.6740053962459787e-02</data></distortion_coefficients>
<avg_reprojection_error>6.0986113522697005e-01</avg_reprojection_error>
<per_view_reprojection_errors type_id="opencv-matrix">
  <rows>25</rows>
  <cols>1</cols>
  <dt>f</dt>
  <data>
    2.78838575e-01 2.79305518e-01 2.67229795e-01 7.48952627e-01
    6.01682663e-01 3.59226495e-01 3.79553467e-01 9.65144098e-01
    1.14839637e+00 6.21971905e-01 4.98917758e-01 4.67380941e-01
    4.24191773e-01 6.39270127e-01 5.57488561e-01 5.27848721e-01
    5.25848806e-01 4.08633232e-01 4.15689141e-01 4.00544584e-01
    6.47531927e-01 5.70702612e-01 5.60822010e-01 1.06921387e+00
    7.82950222e-01</data></per_view_reprojection_errors>
<!-- a set of 6-tuples (rotation vector + translation vector) for each view -->
<extrinsic_parameters type_id="opencv-matrix">
  <rows>25</rows>
  <cols>6</cols>
  <dt>d</dt>
  <data>
    8.4900357089144687e-02 -1.6283172493461617e-02
    -4.6351944592110193e-02 -2.8135793208052684e+02
    -3.0144439903639619e+02 1.0382230225563817e+03
    8.8631495187370596e-02 -1.4380379103951816e-02
    -4.5198240752706682e-02 -2.8029762325116673e+02
    -3.0031435296121305e+02 1.0362531435482060e+03
    8.5974702703480177e-02 -1.5535599092126966e-02
    -4.5637694957687915e-02 -2.8084140224399368e+02
    -3.0114647697048338e+02 1.0374391289322823e+03
    3.7656580133312897e-02 -7.8447237182880922e-02
    -6.3637982151023439e-02 -3.5151993010029452e+02
    -3.3902117306348094e+02 1.0331026348863963e+03
    4.4285788181448689e-02 -2.8198803816174012e-01
    -2.4861312470937171e-02 -6.4418810069374717e+02
    -4.0867067418654131e+02 9.6178964829724532e+02
    1.1039369203272770e-01 -2.9724922833061251e-01
    -2.5473820361631785e-02 -7.8562203899845019e+02
    -4.1360752898081086e+02 9.9635535689320432e+02
    1.3337851112734550e-01 -3.0937751387044771e-01
    -3.9040960319224882e-02 -7.9194426556881911e+02
    -4.0809838949738457e+02 9.9185302196446480e+02
    1.8154679662911405e-01 -2.8355758751874954e-01
    -1.4495362242102310e-02 -7.5890045219256706e+02
    -4.2983799705037183e+02 9.9139251279218956e+02
    1.6302425238662771e-01 1.7812231123742317e-01
    -7.9784140469817480e-02 -2.9219187852052062e+02
    -5.5283860611997727e+02 1.0559242878053426e+03
    9.5747461936522810e-02 2.1511502395916429e-01
    -4.5543971233646514e-02 -4.3008558825280616e+01
    -5.5473892042985733e+02 1.1278638162204161e+03
    1.1734308503775892e-01 2.0604180836653888e-01
    -4.3038197877880872e-02 1.5719585762800032e+01
    -5.3590560358733342e+02 1.1473086009254200e+03
    1.0879906241263078e-01 2.0971650309594606e-01
    -4.0254519673717216e-02 2.6171664114560489e+01
    -5.3453250040152125e+02 1.1595874012213117e+03
    1.0769016262651838e-01 1.8919671760054488e-01
    -4.3682364212651648e-02 3.4683469695336463e+01
    -5.3461974611552614e+02 1.1614311060797115e+03
    1.6676414413735849e-01 -3.8948613907411007e-02
    -8.0396193681002617e-03 -2.8608636034958243e+02
    -7.4886897222157785e+01 9.1421431469918298e+02
    2.8468323326124223e-01 9.7764877449150259e-03
    -4.2354553554428818e-02 -3.0168500547947571e+02
    6.9737478116723297e+00 8.9851344262108023e+02 2.9722202430469297e-01
    -1.4381404889639569e-02 -9.7302570825998323e-03
    -2.5775648920538680e+02 1.3449164898002504e+01
    8.8345106549286652e+02 8.3098615332356490e-02
    -1.7379428604106453e-01 -1.3293638470684141e-01
    -8.8055325173980134e+02 -5.1287566615463606e+02
    9.5245118603625679e+02 1.5672834194819174e-01
    -1.9347131035463860e-01 -2.6658940375318553e-02
    -9.7926885908849692e+02 -5.8485879094008385e+02
    9.9753913107592678e+02 1.4913171950685025e-01
    -1.8840169714352725e-01 -4.1122594546362988e-02
    -9.8300901577967079e+02 -5.7136106723952798e+02
    1.0011326700946009e+03 1.2381981255848513e-01
    -1.8833675705131075e-01 -4.7185395674423126e-02
    -9.7460152047459962e+02 -5.6331179645064458e+02
    1.0080185952310362e+03 1.0364081069288004e-01 5.2930929191512044e-01
    -9.9929016012041752e-02 -3.3080060610781715e+02
    -3.4205319812549874e+02 1.1899120310951064e+03
    6.7359791953230566e-02 5.6797210998647862e-01
    -2.2790651280155345e-02 -2.6092404673079199e+02
    -3.5726048849006412e+02 1.2321295102214428e+03
    8.3207055689760182e-02 5.6551104687344378e-01
    -3.1098129019456574e-02 -2.7345765632377118e+02
    -3.4133528976598734e+02 1.2281296579038840e+03
    4.0922052678912807e-01 2.6555461743797151e-02
    -6.3172976020906019e-02 -3.6139441655606669e+02
    8.6591397874763292e+00 7.8600888736366085e+02 5.3078299882572466e-01
    4.3079392823019654e-02 -4.2431620997345300e-02
    -3.2659686438629825e+02 9.8260279289955790e+01
    8.0523738558251205e+02</data></extrinsic_parameters>
